[-9,-8,0]
1,0,0,0|0200ff,,,,||uid://llvybkp6qjdy
[-8,-8,0]
-1,-1,1,-1|0200ff,,,,||
[-7,-8,0]
-1,-1,-1,0|0200ff,,,,||
[-6,-8,0]
-1,-1,-1,0|0200ff,,,,||
[-5,-8,0]
-1,-1,-1,0|0200ff,,,,||
[-4,-8,0]
0,-1,-1,-1|0200ff,,,,||
[-8,-7,0]
-1,-1,0,-1|0200ff,,,,||
[-7,-7,0]
-1,-1,-1,-1|0200ff,,,,||
[-6,-7,0]
-1,-1,-1,-1|0200ff,,,,||
[-5,-7,0]
-1,-1,-1,-1|0200ff,,,,||
[-4,-7,0]
0,-1,-1,-1|0200ff,,,,||
[-8,-9,0]
-1,-1,0,0|0200ff,,,,||
[-7,-9,0]
-1,0,-1,0|0200ff,,,,||
[-8,-6,0]
-1,0,0,-1|0200ff,,,,||
[-7,-6,0]
-1,0,-1,-1|0200ff,,,,||
[-6,-6,0]
-1,0,-1,-1|0200ff,,,,||
[-5,-6,0]
-1,0,-1,-1|0200ff,,,,||
[-4,-6,0]
0,0,-1,-1|0200ff,,,,||
[-6,-9,0]
0,0,-1,0|0200ff,,,,||
[-4,-9,0]
0,-1,0,1|0200ff,,,,||
[-4,-10,0]
-1,1,0,-1|||uid://clnxhm7m5tcax
[-4,-11,0]
-1,-1,0,-1|||uid://clnxhm7m5tcax
[-3,-11,0]
-1,-1,-1,-1|||uid://clnxhm7m5tcax
[-3,-10,0]
-1,0,-1,-1|||uid://clnxhm7m5tcax
[-4,-12,0]
-1,-1,-1,0|||uid://clnxhm7m5tcax
[-5,-12,0]
-1,0,1,0|||uid://clnxhm7m5tcax
[-6,-12,0]
1,0,0,0|||
[-3,-12,0]
-1,-1,-1,0|||uid://clnxhm7m5tcax
[-2,-12,0]
-1,-1,-1,0|||uid://clnxhm7m5tcax
[-1,-12,0]
0,-1,-1,0|||uid://clnxhm7m5tcax
[-2,-11,0]
-1,-1,-1,-1|||uid://clnxhm7m5tcax
[-1,-11,0]
0,-1,-1,-1|||uid://clnxhm7m5tcax
[-2,-10,0]
-1,0,-1,-1|||uid://clnxhm7m5tcax
[-1,-10,0]
0,0,-1,-1|||uid://clnxhm7m5tcax
